5:
matrix = [[0,0,5,0,15],[0,0,0,10,0],[0,0,10,0,0],[10,15,5,0,0]];
sum = 160;
matrix = [[10,10,0,0,0],[0,5,5,0,0],[0,0,10,0,0],[0,0,5,10,15]];
sum = 305;
u = [0, 4, -2, 0];
v = [5, 4, 3, 4, 5];
matrix = [[5, 4, 3, 4, 5],[9, 8, 7, 8, 9],[3, 2, 1, 2, 3],[5, 4, 3, 4, 5]];
matrix = [[5, 4, 3, 4, 5],[9, 8, 7, 8, 9],[3, 2, 1, 2, 3],[5, 4, 3, 4, 5]];
matrix = [[10,10,0,0,0],[0,5,0,5,0],[0,0,10,0,0],[0,0,10,5,15]];
sum = 270;


2:
matrix = [[30,70,20,0,0],[0,0,0,0,30],[0,0,0,0,40],[0,10,0,30,20]];
sum = 790;
matrix = [[30,80,10,0,0],[0,0,10,20,0],[0,0,0,10,30],[0,0,0,0,60]];
sum = 1010;
u = [0, 4, 2, 1];
v = [2, 4, 2, 2, 3];
matrix = [[2, 4, 2, 2, 3],[6, 8, 6, 6, 7],[4, 6, 4, 4, 5],[3, 5, 3, 3, 4]];
matrix = [[30, 80, 10, 0, 0], [0, 0, 10, 20-, 0+], [0, 0, 0, 10+, 30-], [0, 0, 0, 0, 60]];
matrix = [[30,80,10,0,0],[0,0,10,0,20],[0,0,0,30,10],[0,0,0,0,60]];
sum = 910;


3:
matrix = [[0,40,0,0,20],[15,0,0,0,0],[0,0,0,0,20],[0,0,10,15,5]];
sum = 355;
matrix = [[15,40,5,0,0],[0,0,5,10,0],[0,0,0,5,15],[0,0,0,0,30]];
sum = 460;
u = [0, 2, -2, -2];
v = [3, 1, 4, 6, 7];
matrix = [[3, 1, 4, 6, 7],[5, 3, 6, 8, 9],[1, -1, 2, 4, 5],[1, -1, 2, 4, 5]];
matrix = [[15, 40, 5, 0, 0], [0, 0, 5, 10-, 0+], [0, 0, 0, 5+, 15-], [0, 0, 0, 0, 30]];
matrix = [[15,40,5,0,0],[0,0,5,0,10],[0,0,0,15,5],[0,0,0,0,30]];
sum = 400;